//Frame TypeID MinPosX MaxPosX (DropItem)
//预留1000帧，Boss模式从BossFrameCnt - 1000帧开始
//下面开始不能有注释，但可以有空行
BossFrameCnt: 8000


300   4  100 600
320   4  100 600
340   4  100 600
360   4  100 600
380   4  100 600
400   4  100 600
420   4  100 600
440   4  100 600
440   4  100 600
460   4  100 600
480   4  100 600
500   4  100 600
520   4  100 600
540   4  100 600
560   4  100 600
580   4  100 600
600   4  100 600
620   4  100 600
640   4  100 600
660   4  100 600
680   4  100 600

750   3  275 275 3

1050  5  100 550
1070  5  100 550
1090  5  100 550
1110  5  100 550
1130  5  100 550
1150  5  100 550
1170  5  100 550
1190  5  100 550
1210  5  100 550
1230  5  100 550
1250  5  100 550
1270  5  100 550
1290  5  100 550
1310  5  100 550
1330  5  100 550

1390  4  50  325
1390  8  600 600
1410  4  50  325
1410  8  570 570
1430  4  50  325
1430  8  540 540
1450  4  50  325
1450  8  510 510
1470  4  50  325
1470  8  480 480
1490  4  50  325
1490  8  450 450
1510  4  50  325
1510  8  420 420
1530  4  50  325
1530  8  390 390

1590  4  325 600
1590  8  50  50
1610  4  325 600
1610  8  80  80
1630  4  325 600
1630  8  110 110
1650  4  325 600
1650  8  140 140
1670  4  325 600
1670  8  170 170
1690  4  325 600
1690  8  200 200
1710  4  325 600
1710  8  230 230
1730  4  325 600
1730  8  260 260

1820  6  100 100
1940  6  250 250
2060  6  400 400
2180  6  550 550 

2300  3  275 275 2

2600  1  50  325
2600  1  325 600
2620  1  50  325
2620  1  325 600
2640  1  50  325
2640  1  325 600
2660  1  50  325
2660  1  325 600
2680  1  50  325
2680  1  325 600
2700  1  50  325
2700  1  325 600
2720  1  50  325
2720  1  325 600
2740  1  50  325
2740  1  325 600
2760  1  50  325
2760  1  325 600
2780  1  50  325
2780  1  325 600

2900  5  100 325
2900  5  325 550
2920  5  100 325
2920  5  325 550
2940  5  100 325
2940  5  325 550
2960  5  100 325
2960  5  325 550
2980  5  100 325
2980  5  325 550
3000  5  100 325
3000  5  325 550
3020  5  100 325
3020  5  325 550
3040  5  100 325
3040  5  325 550
3060  5  100 325
3060  5  325 550
3080  5  100 325
3080  5  325 550

3200  2  100 100
3200  4  325 600
3230  4  325 600
3260  4  325 600
3290  4  325 600
3320  4  325 600
3350  4  325 600
3380  4  325 600
3410  4  325 600

3440  2  400 400
3440  4  50  325
3470  4  50  325
3500  4  50  325
3530  4  50  325
3560  4  50  325
3590  4  50  325
3620  4  50  325
3650  4  50  325

3680  2  250 250
3680  4  325 600
3710  4  325 600
3740  4  325 600
3770  4  325 600
3800  4  325 600
3830  4  325 600
3860  4  325 600
3890  4  325 600

3920  2  550 550
3920  4  50  325
3950  4  50  325
3980  4  50  325
4010  4  50  325
4040  4  50  325
4070  4  50  325
4100  4  50  325
4130  4  50  325


4210  3  100 100 1
4270  3  450 450 2


4570  6  100 100
4570  1  325 600
4600  1  325 600
4630  1  325 600
4660  1  325 600
4690  1  325 600
4720  1  325 600
4750  1  325 600
4780  1  325 600

4810  6  250 250
4810  1  325 600
4840  1  325 600
4870  1  325 600
4900  1  325 600
4930  1  325 600
4960  1  325 600
4990  1  325 600
5020  1  325 600

5020  6  400 400
5020  1  50  325
5050  1  50  325
5080  1  50  325
5110  1  50  325
5140  1  50  325
5170  1  50  325
5200  1  50  325
5230  1  50  325

5260  6  550 550
5260  1  50  325
5290  1  50  325
5320  1  50  325
5350  1  50  325
5380  1  50  325
5410  1  50  325
5440  1  50  325
5470  1  50  325

5550  9  100 100
5750  9  400 400
5950  9  250 250

6200  7  100 250
6250  7  250 400
6300  7  400 550

6420  7  100 250
6470  7  250 400
6520  7  400 550

6640  7  100 250
6690  7  250 400
6740  7  400 550

6860  7  100 250
6910  7  250 400
6960  7  400 550

7300  3  100 100 1
7360  3  450 450 3

8000  13 125 125

