//Frame TypeID MinPosX MaxPosX (DropItem)
//预留1000帧，Boss模式从BossFrameCnt - 1000帧开始
//下面开始不能有注释，但可以有空行
BossFrameCnt: 6000



300   1  600 600
320   1  570 570
340   1  540 540
360   1  510 510
380   1  480 480
400   1  450 450
420   1  420 420
440   1  390 390

500   1  50  50
520   1  80  80
540   1  110 110
560   1  140 140
580   1  170 170
600   1  200 200
620   1  230 230
640   1  260 260

700   1  600 600
720   1  570 570
740   1  540 540
760   1  510 510
780   1  480 480
800   1  450 450
820   1  420 420
840   1  390 390

900   1  50  50
920   1  80  80
940   1  110 110
960   1  140 140
980   1  170 170
1000  1  200 200
1020  1  230 230
1040  1  260 260


1100  3  275 275 2


1400  1  50  50
1400  1  390 390
1430  1  80  80
1430  1  420 420
1460  1  110 110
1460  1  450 450
1490  1  140 140
1490  1  480 480
1520  1  170 170
1520  1  510 510
1550  1  200 200
1550  1  540 540
1580  1  230 230
1580  1  570 570
1610  1  260 260
1610  1  600 600


1670  1  50  50
1670  8  600 600
1700  1  80  80
1700  8  570 570
1730  1  110 110
1730  8  540 540
1760  1  140 140
1760  8  510 510
1790  1  170 170
1790  8  480 480
1820  1  200 200
1820  8  450 450
1850  1  230 230
1850  8  420 420
1880  1  260 260
1880  8  390 390

1940  8  50  50
1940  1  600 600
1970  8  80  80
1970  1  570 570
2000  8  110 110
2000  1  540 540
2030  8  140 140
2030  1  510 510
2060  8  170 170
2060  1  480 480
2090  8  200 200
2090  1  450 450
2120  8  230 230
2120  1  420 420
2150  8  260 260
2150  1  390 390

2250  2  50  50
2370  2  200 200
2490  2  350 350
2610  2  500 500

2730  2  50  50
2730  2  350 350

2880  2  200 200
2880  2  500 500

3030  3  275 275 3

3330  4  390 390
3330  4  260 260
3360  4  420 420
3360  4  230 230
3390  4  450 450
3390  4  200 200
3420  4  480 480
3420  4  170 170
3450  4  510 510
3450  4  140 140
3480  4  540 540
3480  4  110 110
3510  4  570 570
3510  4  80  80
3540  4  600 600
3540  4  50  50

3630  8  50  260
3630  8  390 600
3660  8  50  260
3660  8  390 600
3690  8  50  260
3690  8  390 600
3720  8  50  260
3720  8  390 600
3750  8  50  260
3750  8  390 600
3780  8  50  260
3780  8  390 600
3810  8  50  260
3810  8  390 600
3840  8  50  260
3840  8  390 600

3930  3  275 275 1

4230  2  50  50
4230  1  600 600
4250  1  570 570
4270  1  540 540
4290  1  510 510
4310  1  480 480
4330  1  450 450
4350  1  420 420
4370  1  390 390

4430  2  500 500
4430  1  50  50
4450  1  80  80
4470  1  110 110
4490  1  140 140
4510  1  170 170
4530  1  200 200
4550  1  230 230
4570  1  260 260

4630  2  275 275
4700  2  275 275
4770  2  275 275
4840  2  275 275
4910  2  275 275
4980  2  275 275

5300  3  275 275 1

6000  12 250 250
