//Frame TypeID MinPosX MaxPosX (DropItem)
//预留1000帧，Boss模式从BossFrameCnt 420 600 1000帧开始
//下面开始不能有注释，但可以有空行
BossFrameCnt: 10000


300   3  100 100 3
420   3  450 450 2

720   8  50  325
720   8  230 420
750   8  50  325
750   8  230 420
780   8  50  50 
780   8  230 420
810   8  50  325
810   8  230 420
840   8  50  50 
840   8  230 420
870   8  50  325
870   8  230 420
900   8  50  50 
900   8  230 420
930   8  50  325
930   8  230 420
960   8  50  50 
960   8  230 420
990   8  50  325
990   8  230 420
1020  8  50  50 
1020  8  230 420
1050  8  50  325
1050  8  230 420

1170  4  100 600
1185  4  100 600
1200  4  100 600
1215  4  100 600
1230  4  100 600
1245  4  100 600
1260  4  100 600
1275  4  100 600
1290  4  100 600
1305  4  100 600
1320  4  100 600
1335  4  100 600
1350  4  100 600
1365  4  100 600
1380  4  100 600
1395  4  100 600
1410  4  100 600
1425  4  100 600
1440  4  100 600
1455  4  100 600
1470  4  100 600
1485  4  100 600
1500  4  100 600
1515  4  100 600


1650  1  50  230
1650  1  230 420
1650  1  420 600
1680  1  50  230
1680  1  230 420
1680  1  420 600
1710  1  50  230
1710  1  230 420
1710  1  420 600
1740  1  50  230
1740  1  230 420
1740  1  420 600
1770  1  50  230
1770  1  230 420
1770  1  420 600
1800  1  50  230
1800  1  230 420
1800  1  420 600
1830  1  50  230
1830  1  230 420
1830  1  420 600
1860  1  50  230
1860  1  230 420
1860  1  420 600
1890  1  50  325
1890  1  230 420
1920  1  50  230
1920  1  230 420
1920  1  420 600

2040  9  50  50
2040  9  400 400

2280  11 250 250

2520  7  100 600
2570  7  100 600
2620  7  100 600
2670  7  100 600
2720  7  100 600
2770  7  100 600
2820  7  100 600
2870  7  100 600
2920  7  100 600
2970  7  100 600
3020  7  100 600
3070  7  100 600
3120  7  100 600
3170  7  100 600
3220  7  100 600
3270  7  100 600

3340  3  100 100 1
3460  3  450 450 2

3760  5  50  325
3760  5  230 420
3760  5  420 600
3790  5  50  325
3790  5  230 420
3790  5  420 600
3820  5  50  325
3820  5  230 420
3820  5  420 600
3850  5  50  325
3850  5  230 420
3850  5  420 600
3880  5  50  325
3880  5  230 420
3880  5  420 600
3910  5  50  325
3910  5  230 420
3910  5  420 600
3940  5  50  325
3940  5  230 420
3940  5  420 600
3970  5  50  325
3970  5  230 420
3970  5  420 600
4000  5  50  325
4000  5  230 420
4000  5  420 600
4030  5  50  325
4030  5  230 420
4030  5  420 600
4060  5  50  325
4060  5  230 420
4060  5  420 600
4090  5  50  325
4090  5  230 420
4090  5  420 600

4210  10 100 100
4360  10 400 400
4510  10 250 250

4870  2  50  50
4870  7  350 600
4920  7  350 600
4970  7  350 600
5020  7  350 600

5120  2  500 500
5120  7  100 350
5170  7  100 350
5220  7  100 350
5270  7  100 350

5420  3  100 100 1
5540  3  450 450 3

5840  6  220 220
5840  6  380 380

6040  6  50  50
6040  6  550 550

6240  2  200 200
6240  2  350 350

6440  11 50  50
6640  11 400 400

6840  10 250 250
7000  6  50  50
7000  6  550 550

7250  10 100 100
7250  10 400 400
7410  6  50  50
7410  6  550 550

7710  7  50  600
7710  7  50  600
7810  7  50  600
7810  7  50  600
7910  7  50  600
7910  7  50  600

8060  7  50  600
8060  7  50  600
8160  7  50  600
8160  7  50  600
8260  7  50  600
8260  7  50  600

8410  7  50  600
8410  7  50  600
8510  7  50  600
8510  7  50  600
8610  7  50  600
8610  7  50  600

8760  7  50  600
8760  7  50  600
8860  7  50  600
8860  7  50  600
8960  7  50  600
8960  7  50  600

9200  3  100 100 1
9200  3  450 450 3

9500  3  100 100 1
9500  3  450 450 2

10000 14 200 200
